              * f:\esim\esimmarathon\binarytogray\binarytogray.cir
              Transient Analysis  Sun Jul  4 00:49:50  2021
--------------------------------------------------------------------------------
Index   time            va1#branch      vb1#branch      vb2#branch      
--------------------------------------------------------------------------------
0	0.000000e+00	0.000000e+00	0.000000e+00	0.000000e+00	
1	1.000000e-04	-5.21996e-24	-6.18630e-18	-8.42132e-18	
2	2.000000e-04	1.482947e-23	1.005202e-17	-1.64050e-18	
3	4.000000e-04	-2.91290e-23	-3.25279e-17	-6.21494e-18	
4	8.000000e-04	2.945700e-23	2.403821e-17	8.154692e-18	
5	1.600000e-03	-2.71928e-23	-2.02530e-17	-7.57893e-18	
6	3.200000e-03	2.531948e-23	1.975177e-17	7.516082e-18	
7	6.400000e-03	-2.45841e-23	-1.91693e-17	-7.70232e-18	
8	1.280000e-02	2.465330e-23	1.934742e-17	7.787558e-18	
9	2.280000e-02	-2.47769e-23	-1.92516e-17	-7.45878e-18	
10	3.280000e-02	2.478548e-23	1.891436e-17	7.261922e-18	
11	4.280000e-02	-2.46324e-23	-1.90129e-17	-7.28235e-18	
12	5.280000e-02	2.466547e-23	1.932411e-17	7.379700e-18	
13	6.280000e-02	-2.48510e-23	-1.94513e-17	-7.48138e-18	
14	7.280000e-02	2.481153e-23	1.952770e-17	7.319230e-18	
15	8.280000e-02	-2.45703e-23	-1.92872e-17	-7.18912e-18	
16	9.280000e-02	2.429394e-23	1.894261e-17	6.954187e-18	
17	1.028000e-01	-2.41522e-23	-1.90053e-17	-6.80537e-18	
18	1.128000e-01	2.400298e-23	1.885995e-17	7.084671e-18	
19	1.228000e-01	-2.40319e-23	-1.87356e-17	-7.48650e-18	
20	1.328000e-01	2.416509e-23	1.924415e-17	7.633540e-18	
21	1.428000e-01	-2.40887e-23	-1.98780e-17	-7.51068e-18	
22	1.528000e-01	2.396138e-23	2.024859e-17	7.323577e-18	
23	1.628000e-01	-2.41115e-23	-2.03204e-17	-7.10095e-18	
24	1.728000e-01	2.428833e-23	2.064625e-17	6.854005e-18	
25	1.828000e-01	-2.43802e-23	-2.10319e-17	-6.88656e-18	
26	1.928000e-01	2.455440e-23	2.080198e-17	7.068834e-18	
27	2.028000e-01	-2.46960e-23	-2.08223e-17	-6.93832e-18	
28	2.128000e-01	2.479012e-23	2.097897e-17	6.875782e-18	
29	2.228000e-01	-2.48845e-23	-2.05962e-17	-6.71497e-18	
30	2.328000e-01	2.480270e-23	1.988490e-17	6.415617e-18	
31	2.428000e-01	-2.47264e-23	-1.91543e-17	-6.53580e-18	
32	2.528000e-01	2.448382e-23	1.868401e-17	6.851374e-18	
33	2.628000e-01	-2.40818e-23	-1.85738e-17	-7.01864e-18	
34	2.728000e-01	2.378356e-23	1.874530e-17	6.941185e-18	
35	2.828000e-01	-2.37487e-23	-1.87389e-17	-7.00416e-18	
36	2.928000e-01	2.382653e-23	1.857283e-17	7.018995e-18	
37	3.028000e-01	-2.37489e-23	-1.84281e-17	-6.86744e-18	
38	3.128000e-01	2.366684e-23	1.855828e-17	6.689703e-18	
39	3.228000e-01	-2.38034e-23	-1.90672e-17	-6.67705e-18	
40	3.328000e-01	2.393629e-23	1.936797e-17	6.713258e-18	
41	3.428000e-01	-2.38273e-23	-1.92085e-17	-6.49425e-18	
42	3.528000e-01	2.369370e-23	1.889749e-17	6.381208e-18	
43	3.628000e-01	-2.37434e-23	-1.88152e-17	-6.40985e-18	
44	3.728000e-01	2.400293e-23	1.898690e-17	6.709258e-18	
45	3.828000e-01	-2.40245e-23	-1.87453e-17	-6.91457e-18	
46	3.928000e-01	2.412915e-23	1.814310e-17	6.767190e-18	
47	4.028000e-01	-2.43126e-23	-1.80509e-17	-6.67613e-18	
48	4.128000e-01	2.428026e-23	1.875312e-17	6.820662e-18	
49	4.228000e-01	-2.42102e-23	-1.88740e-17	-6.76362e-18	
50	4.328000e-01	2.411945e-23	1.845809e-17	6.444003e-18	
51	4.428000e-01	-2.39950e-23	-1.86138e-17	-6.51309e-18	
52	4.528000e-01	2.399162e-23	1.885596e-17	6.668060e-18	
53	4.628000e-01	-2.40679e-23	-1.91723e-17	-6.48482e-18	
54	4.728000e-01	2.414258e-23	1.912013e-17	6.298568e-18	

Index   time            va1#branch      vb1#branch      vb2#branch      
--------------------------------------------------------------------------------
55	4.828000e-01	-2.42054e-23	-1.86586e-17	-6.36520e-18	
56	4.928000e-01	2.411713e-23	1.811652e-17	6.485778e-18	
57	5.028000e-01	-2.42784e-23	-1.79108e-17	-6.41639e-18	
58	5.128000e-01	2.455920e-23	1.837877e-17	6.291198e-18	
59	5.228000e-01	-2.46091e-23	-1.86003e-17	-6.23546e-18	
60	5.328000e-01	2.455390e-23	1.854103e-17	6.518726e-18	
61	5.428000e-01	-2.44873e-23	-1.82332e-17	-6.64888e-18	
62	5.528000e-01	2.449180e-23	1.762170e-17	6.684217e-18	
63	5.628000e-01	-2.46168e-23	-1.73114e-17	-6.89015e-18	
64	5.728000e-01	2.472283e-23	1.724433e-17	6.983933e-18	
65	5.828000e-01	-2.45343e-23	-1.72197e-17	-6.77392e-18	
66	5.928000e-01	2.432120e-23	1.752746e-17	6.355248e-18	
67	6.028000e-01	-2.42595e-23	-1.77849e-17	-6.16212e-18	
68	6.128000e-01	2.425784e-23	1.777241e-17	6.043118e-18	
69	6.228000e-01	-2.42513e-23	-1.75022e-17	-5.98231e-18	
70	6.328000e-01	2.400606e-23	1.703479e-17	6.130783e-18	
71	6.428000e-01	-2.37758e-23	-1.70139e-17	-6.37493e-18	
72	6.528000e-01	2.400389e-23	1.719653e-17	6.336295e-18	
73	6.628000e-01	-2.41606e-23	-1.68207e-17	-6.09845e-18	
74	6.728000e-01	2.408189e-23	1.618416e-17	5.895126e-18	
75	6.828000e-01	-2.39756e-23	-1.59706e-17	-5.63977e-18	
76	6.928000e-01	2.388903e-23	1.619466e-17	5.066275e-18	
77	7.028000e-01	-2.37140e-23	-1.61280e-17	-4.65896e-18	
78	7.128000e-01	2.333635e-23	1.580154e-17	4.510106e-18	
79	7.228000e-01	-2.29843e-23	-1.54561e-17	-4.09299e-18	
80	7.328000e-01	2.292054e-23	1.494946e-17	3.744496e-18	
81	7.428000e-01	-2.30303e-23	-1.46063e-17	-3.80051e-18	
82	7.528000e-01	2.305731e-23	1.451275e-17	3.781604e-18	
83	7.628000e-01	-2.32008e-23	-1.42668e-17	-3.64000e-18	
84	7.728000e-01	2.331504e-23	1.410262e-17	3.798756e-18	
85	7.828000e-01	-2.31367e-23	-1.39699e-17	-3.75810e-18	
86	7.928000e-01	2.297269e-23	1.351907e-17	3.357507e-18	
87	8.028000e-01	-2.29291e-23	-1.34511e-17	-3.11868e-18	
88	8.128000e-01	2.287156e-23	1.407206e-17	2.822294e-18	
89	8.228000e-01	-2.29619e-23	-1.47887e-17	-2.51413e-18	
90	8.328000e-01	2.301338e-23	1.487085e-17	2.298872e-18	
91	8.428000e-01	-2.27850e-23	-1.40739e-17	-2.33805e-18	
92	8.528000e-01	2.258131e-23	1.367468e-17	2.418440e-18	
93	8.628000e-01	-2.22531e-23	-1.37476e-17	-2.18246e-18	
94	8.728000e-01	2.195149e-23	1.368066e-17	2.048574e-18	
95	8.828000e-01	-2.19367e-23	-1.33075e-17	-2.02561e-18	
96	8.928000e-01	2.194987e-23	1.262813e-17	2.077490e-18	
97	9.028000e-01	-2.20948e-23	-1.23339e-17	-1.87964e-18	
98	9.128000e-01	2.226234e-23	1.202129e-17	1.546365e-18	
99	9.228000e-01	-2.21807e-23	-1.18873e-17	-1.67272e-18	
100	9.328000e-01	2.183062e-23	1.213375e-17	1.558134e-18	
101	9.428000e-01	-2.15826e-23	-1.26242e-17	-1.46442e-18	
102	9.528000e-01	2.161343e-23	1.288655e-17	1.693998e-18	
103	9.628000e-01	-2.15590e-23	-1.23850e-17	-1.84560e-18	
104	9.728000e-01	2.127082e-23	1.175968e-17	2.026399e-18	
105	9.828000e-01	-2.10467e-23	-1.12570e-17	-2.06017e-18	
106	9.928000e-01	2.112774e-23	1.117967e-17	2.208289e-18	
107	1.002800e+00	-2.12141e-23	-1.13799e-17	-2.45111e-18	
108	1.012800e+00	2.126355e-23	1.139959e-17	2.448711e-18	
109	1.022800e+00	-2.12574e-23	-1.10105e-17	-2.21498e-18	
110	1.032800e+00	2.124941e-23	1.072385e-17	1.841975e-18	
111	1.042800e+00	-2.12954e-23	-1.08086e-17	-1.61593e-18	
112	1.052800e+00	2.121629e-23	1.082437e-17	1.595914e-18	

Index   time            va1#branch      vb1#branch      vb2#branch      
--------------------------------------------------------------------------------
113	1.062800e+00	-2.11590e-23	-1.03858e-17	-1.49719e-18	
114	1.072800e+00	2.111032e-23	1.001155e-17	1.218267e-18	
115	1.082800e+00	-2.11517e-23	-9.92534e-18	-1.10695e-18	
116	1.092800e+00	2.120751e-23	9.745374e-18	1.349916e-18	
117	1.102800e+00	-2.11277e-23	-9.76036e-18	-1.74344e-18	
118	1.112800e+00	2.109093e-23	1.012194e-17	2.073249e-18	
119	1.122800e+00	-2.11936e-23	-1.06914e-17	-2.37324e-18	
120	1.132800e+00	2.115551e-23	1.078185e-17	2.636103e-18	
121	1.142800e+00	-2.11820e-23	-1.06158e-17	-2.73174e-18	
122	1.152800e+00	2.137391e-23	1.065302e-17	2.641794e-18	
123	1.162800e+00	-2.14959e-23	-1.06534e-17	-2.59266e-18	
124	1.172800e+00	2.156652e-23	1.077554e-17	2.749534e-18	
125	1.182800e+00	-2.15697e-23	-1.07963e-17	-2.84005e-18	
126	1.192800e+00	2.146393e-23	1.077480e-17	2.719639e-18	
127	1.202800e+00	-2.15703e-23	-1.06286e-17	-2.56190e-18	
128	1.212800e+00	2.198738e-23	1.026990e-17	2.658459e-18	
129	1.222800e+00	-2.21009e-23	-1.03233e-17	-2.79751e-18	
130	1.232800e+00	2.200864e-23	1.042015e-17	2.910104e-18	
131	1.242800e+00	-2.18824e-23	-1.01916e-17	-3.03228e-18	
132	1.252800e+00	2.159454e-23	9.895389e-18	3.097013e-18	
133	1.262800e+00	-2.12444e-23	-9.75361e-18	-2.90353e-18	
134	1.272800e+00	2.099289e-23	9.483540e-18	2.481140e-18	
135	1.282800e+00	-2.11601e-23	-9.37911e-18	-2.30360e-18	
136	1.292800e+00	2.140047e-23	9.595474e-18	2.536288e-18	
137	1.302800e+00	-2.13599e-23	-9.61490e-18	-2.95690e-18	
138	1.312800e+00	2.135993e-23	9.676237e-18	3.170619e-18	
139	1.322800e+00	-2.13885e-23	-9.58968e-18	-3.09987e-18	
140	1.332800e+00	2.120660e-23	9.116410e-18	3.262836e-18	
141	1.342800e+00	-2.12052e-23	-8.97770e-18	-3.51814e-18	
142	1.352800e+00	2.138512e-23	9.235183e-18	3.443224e-18	
143	1.362800e+00	-2.15188e-23	-9.40891e-18	-3.26998e-18	
144	1.372800e+00	2.152608e-23	9.462128e-18	3.016525e-18	
145	1.382800e+00	-2.14492e-23	-9.29547e-18	-2.97500e-18	
146	1.392800e+00	2.140214e-23	9.101289e-18	3.526728e-18	
147	1.402800e+00	-2.14611e-23	-9.02395e-18	-3.88987e-18	
148	1.412800e+00	2.155355e-23	8.927794e-18	3.556211e-18	
149	1.422800e+00	-2.15359e-23	-8.66134e-18	-3.24535e-18	
150	1.432800e+00	2.151725e-23	8.189131e-18	3.070731e-18	
151	1.442800e+00	-2.17736e-23	-8.09025e-18	-3.24051e-18	
152	1.452800e+00	2.217302e-23	8.474118e-18	3.545192e-18	
153	1.462800e+00	-2.24986e-23	-9.07108e-18	-3.58629e-18	
154	1.472800e+00	2.265492e-23	9.212114e-18	3.551722e-18	
155	1.482800e+00	-2.27595e-23	-8.90837e-18	-3.48818e-18	
156	1.492800e+00	2.291695e-23	8.717750e-18	3.694839e-18	
157	1.502800e+00	-2.29202e-23	-8.80590e-18	-4.16091e-18	
158	1.512800e+00	2.302611e-23	9.001242e-18	4.629078e-18	
159	1.522800e+00	-2.29957e-23	-9.09883e-18	-4.90328e-18	
160	1.532800e+00	2.292766e-23	9.157991e-18	4.851118e-18	
161	1.542800e+00	-2.26867e-23	-8.65062e-18	-4.67000e-18	
162	1.552800e+00	2.235508e-23	8.374851e-18	4.515429e-18	
163	1.562800e+00	-2.23322e-23	-8.72972e-18	-4.53396e-18	
164	1.572800e+00	2.223452e-23	8.510597e-18	4.534002e-18	
165	1.582800e+00	-2.21041e-23	-8.29463e-18	-4.49102e-18	
166	1.592800e+00	2.229808e-23	8.773483e-18	4.584357e-18	
167	1.602800e+00	-2.22849e-23	-8.95592e-18	-4.44527e-18	
168	1.612800e+00	2.196143e-23	8.915988e-18	4.323007e-18	
169	1.622800e+00	-2.16238e-23	-8.71539e-18	-4.35270e-18	
170	1.632800e+00	2.129066e-23	8.292665e-18	4.516421e-18	

Index   time            va1#branch      vb1#branch      vb2#branch      
--------------------------------------------------------------------------------
171	1.642800e+00	-2.11653e-23	-8.35827e-18	-4.58076e-18	
172	1.652800e+00	2.110603e-23	8.528643e-18	4.594355e-18	
173	1.662800e+00	-2.13731e-23	-8.55949e-18	-4.57241e-18	
174	1.672800e+00	2.164644e-23	8.776804e-18	4.464733e-18	
175	1.682800e+00	-2.17191e-23	-8.91408e-18	-4.21456e-18	
176	1.692800e+00	2.189227e-23	8.936008e-18	3.802868e-18	
177	1.702800e+00	-2.20128e-23	-8.70198e-18	-3.76640e-18	
178	1.712800e+00	2.202601e-23	8.345933e-18	4.153376e-18	
179	1.722800e+00	-2.20709e-23	-8.37740e-18	-4.54708e-18	
180	1.732800e+00	2.221039e-23	8.711797e-18	4.727273e-18	
181	1.742800e+00	-2.23611e-23	-9.17116e-18	-4.88487e-18	
182	1.752800e+00	2.225597e-23	9.141404e-18	4.867672e-18	
183	1.762800e+00	-2.20787e-23	-8.88525e-18	-4.65686e-18	
184	1.772800e+00	2.221064e-23	8.974447e-18	4.576268e-18	
185	1.782800e+00	-2.22369e-23	-8.94676e-18	-4.47422e-18	
186	1.792800e+00	2.220120e-23	8.972065e-18	4.272484e-18	
187	1.802800e+00	-2.25022e-23	-9.13401e-18	-4.02993e-18	
188	1.812800e+00	2.302570e-23	9.671747e-18	3.694344e-18	
189	1.822800e+00	-2.33393e-23	-9.78801e-18	-3.48706e-18	
190	1.832800e+00	2.339158e-23	9.353462e-18	3.425377e-18	
191	1.842800e+00	-2.34968e-23	-9.20200e-18	-3.36332e-18	
192	1.852800e+00	2.359459e-23	9.127801e-18	3.491850e-18	
193	1.862800e+00	-2.36473e-23	-8.99808e-18	-3.58860e-18	
194	1.872800e+00	2.367456e-23	8.728276e-18	3.643458e-18	
195	1.882800e+00	-2.37966e-23	-8.51611e-18	-3.64830e-18	
196	1.892800e+00	2.394926e-23	8.395019e-18	3.581371e-18	
197	1.902800e+00	-2.39970e-23	-8.24368e-18	-3.50193e-18	
198	1.912800e+00	2.392967e-23	8.139082e-18	3.499934e-18	
199	1.922800e+00	-2.41046e-23	-8.08301e-18	-3.45320e-18	
200	1.932800e+00	2.422815e-23	7.863222e-18	3.231770e-18	
201	1.942800e+00	-2.43948e-23	-7.71691e-18	-3.23670e-18	
202	1.952800e+00	2.445196e-23	7.682228e-18	3.422952e-18	
203	1.962800e+00	-2.41792e-23	-7.51202e-18	-3.50317e-18	
204	1.972800e+00	2.425976e-23	7.429417e-18	3.489308e-18	
205	1.982800e+00	-2.43582e-23	-7.16572e-18	-3.39274e-18	
206	1.992800e+00	2.427147e-23	6.680417e-18	3.003564e-18	
207	2.002800e+00	-2.42122e-23	-6.69236e-18	-2.68669e-18	
208	2.012800e+00	2.434836e-23	7.164925e-18	2.344211e-18	
209	2.022800e+00	-2.45156e-23	-7.47526e-18	-2.04521e-18	
210	2.032800e+00	2.445418e-23	7.325219e-18	2.252277e-18	
211	2.042800e+00	-2.43231e-23	-7.13514e-18	-2.79577e-18	
212	2.052800e+00	2.436169e-23	7.008255e-18	3.173753e-18	
213	2.062800e+00	-2.45706e-23	-7.09200e-18	-3.42019e-18	
214	2.072800e+00	2.453956e-23	7.190470e-18	3.398473e-18	
215	2.082800e+00	-2.44423e-23	-6.91126e-18	-3.10397e-18	
216	2.092800e+00	2.473514e-23	6.537188e-18	2.823976e-18	
217	2.102800e+00	-2.48702e-23	-6.67963e-18	-2.84926e-18	
218	2.112800e+00	2.480926e-23	7.078144e-18	3.052921e-18	
219	2.122800e+00	-2.47362e-23	-7.35358e-18	-3.13364e-18	
220	2.132800e+00	2.471237e-23	7.731125e-18	3.247022e-18	
221	2.142800e+00	-2.48362e-23	-7.91899e-18	-3.04672e-18	
222	2.152800e+00	2.499949e-23	8.333915e-18	2.601099e-18	
223	2.162800e+00	-2.50279e-23	-9.06692e-18	-2.35267e-18	
224	2.172800e+00	2.470480e-23	9.101055e-18	2.260358e-18	
225	2.182800e+00	-2.43310e-23	-8.71034e-18	-2.22005e-18	
226	2.192800e+00	2.423118e-23	8.356628e-18	2.366156e-18	
227	2.202800e+00	-2.42703e-23	-8.31887e-18	-2.35765e-18	
228	2.212800e+00	2.443066e-23	8.914788e-18	2.391380e-18	

Index   time            va1#branch      vb1#branch      vb2#branch      
--------------------------------------------------------------------------------
229	2.222800e+00	-2.44769e-23	-9.28373e-18	-2.78357e-18	
230	2.232800e+00	2.411375e-23	9.227983e-18	2.988634e-18	
231	2.242800e+00	-2.37883e-23	-8.94193e-18	-2.89611e-18	
232	2.252800e+00	2.377241e-23	8.107710e-18	2.857627e-18	
233	2.262800e+00	-2.36841e-23	-6.84607e-18	-2.64536e-18	
234	2.272800e+00	2.349245e-23	5.792416e-18	2.268500e-18	
235	2.282800e+00	-2.33512e-23	-5.45502e-18	-2.08624e-18	
236	2.292800e+00	2.345338e-23	5.453808e-18	2.089891e-18	
237	2.302800e+00	-2.38206e-23	-5.17429e-18	-1.93255e-18	
238	2.312800e+00	2.393038e-23	4.381694e-18	1.699053e-18	
239	2.322800e+00	-2.39587e-23	-3.56758e-18	-1.76047e-18	
240	2.332800e+00	2.399253e-23	3.119273e-18	1.933050e-18	
241	2.342800e+00	-2.39221e-23	-3.14030e-18	-1.93255e-18	
242	2.352800e+00	2.413687e-23	3.370770e-18	2.174815e-18	
243	2.362800e+00	-2.41613e-23	-3.39837e-18	-2.55623e-18	
244	2.372800e+00	2.404145e-23	3.641978e-18	2.279877e-18	
245	2.382800e+00	-2.39661e-23	-4.05844e-18	-1.93346e-18	
246	2.392800e+00	2.363044e-23	3.696791e-18	1.795510e-18	
247	2.402800e+00	-2.35228e-23	-3.11938e-18	-1.64522e-18	
248	2.412800e+00	2.366386e-23	2.938087e-18	1.648763e-18	
249	2.422800e+00	-2.38456e-23	-2.82711e-18	-1.55549e-18	
250	2.432800e+00	2.414121e-23	2.911474e-18	1.488504e-18	
251	2.442800e+00	-2.43612e-23	-3.00393e-18	-1.25879e-18	
252	2.452800e+00	2.444515e-23	3.221733e-18	8.593813e-19	
253	2.462800e+00	-2.44526e-23	-3.39461e-18	-7.11272e-19	
254	2.472800e+00	2.443374e-23	3.837943e-18	6.513379e-19	
255	2.482800e+00	-2.44642e-23	-4.41435e-18	-5.76107e-19	
256	2.492800e+00	2.434725e-23	4.033990e-18	6.929073e-19	
257	2.502800e+00	-2.43167e-23	-3.64303e-18	-1.08885e-18	
258	2.512800e+00	2.457333e-23	3.810769e-18	1.376915e-18	
259	2.522800e+00	-2.47284e-23	-3.89238e-18	-1.42338e-18	
260	2.532800e+00	2.483799e-23	4.144214e-18	1.658143e-18	
261	2.542800e+00	-2.50247e-23	-4.72952e-18	-2.05093e-18	
262	2.552800e+00	2.522775e-23	5.136969e-18	2.218100e-18	
263	2.562800e+00	-2.52316e-23	-5.36366e-18	-2.21764e-18	
264	2.572800e+00	2.502171e-23	5.456369e-18	2.291348e-18	
265	2.582800e+00	-2.48965e-23	-5.13350e-18	-2.23594e-18	
266	2.592800e+00	2.471061e-23	4.600911e-18	2.009975e-18	
267	2.602800e+00	-2.46026e-23	-4.40601e-18	-2.16317e-18	
268	2.612800e+00	2.452507e-23	4.859920e-18	2.186140e-18	
269	2.622800e+00	-2.44451e-23	-5.17943e-18	-1.86301e-18	
270	2.632800e+00	2.453441e-23	5.026522e-18	1.594888e-18	
271	2.642800e+00	-2.46653e-23	-5.23167e-18	-1.64083e-18	
272	2.652800e+00	2.473085e-23	5.283546e-18	1.816858e-18	
273	2.662800e+00	-2.47415e-23	-5.19290e-18	-1.86649e-18	
274	2.672800e+00	2.456914e-23	5.435620e-18	1.756704e-18	
275	2.682800e+00	-2.43283e-23	-5.58107e-18	-1.56560e-18	
276	2.692800e+00	2.409128e-23	5.532029e-18	1.647025e-18	
277	2.702800e+00	-2.37365e-23	-5.02198e-18	-1.81543e-18	
278	2.712800e+00	2.344459e-23	4.680426e-18	1.819285e-18	
279	2.722800e+00	-2.32607e-23	-4.64950e-18	-1.43453e-18	
280	2.732800e+00	2.313082e-23	4.836657e-18	1.069586e-18	
281	2.742800e+00	-2.32482e-23	-5.13133e-18	-1.30887e-18	
282	2.752800e+00	2.351295e-23	5.271205e-18	1.466032e-18	
283	2.762800e+00	-2.37791e-23	-5.61875e-18	-1.27301e-18	
284	2.772800e+00	2.405650e-23	5.512333e-18	1.175976e-18	
285	2.782800e+00	-2.40854e-23	-4.88991e-18	-1.29827e-18	
286	2.792800e+00	2.410618e-23	4.778479e-18	1.713790e-18	

Index   time            va1#branch      vb1#branch      vb2#branch      
--------------------------------------------------------------------------------
287	2.802800e+00	-2.42150e-23	-4.62028e-18	-2.01161e-18	
288	2.812800e+00	2.416636e-23	4.058211e-18	1.914329e-18	
289	2.822800e+00	-2.42824e-23	-4.10899e-18	-1.89887e-18	
290	2.832800e+00	2.438365e-23	4.263402e-18	1.921583e-18	
291	2.842800e+00	-2.42322e-23	-3.99503e-18	-1.40661e-18	
292	2.852800e+00	2.408017e-23	3.681409e-18	8.722395e-19	
293	2.862800e+00	-2.41281e-23	-3.90087e-18	-6.44424e-19	
294	2.872800e+00	2.436962e-23	4.074827e-18	5.269569e-19	
295	2.882800e+00	-2.43818e-23	-3.58272e-18	-5.84146e-19	
296	2.892800e+00	2.452709e-23	3.782141e-18	5.950303e-19	
297	2.902800e+00	-2.47035e-23	-4.32717e-18	-5.44037e-19	
298	2.912800e+00	2.469142e-23	3.996447e-18	9.157950e-19	
299	2.922800e+00	-2.47936e-23	-3.77248e-18	-1.34566e-18	
300	2.932800e+00	2.492876e-23	4.224658e-18	1.329099e-18	
301	2.942800e+00	-2.50981e-23	-4.90360e-18	-9.76319e-19	
302	2.952800e+00	2.510501e-23	5.475426e-18	8.514269e-19	
303	2.962800e+00	-2.50444e-23	-5.86387e-18	-9.77005e-19	
304	2.972800e+00	2.491452e-23	5.745515e-18	8.619995e-19	
305	2.982800e+00	-2.48034e-23	-5.33854e-18	-9.13470e-19	
306	2.992800e+00	2.471540e-23	5.208365e-18	9.918272e-19	
307	3.002800e+00	-2.46486e-23	-5.21849e-18	-7.84302e-19	
308	3.012800e+00	2.489403e-23	5.563757e-18	5.454475e-19	
309	3.022800e+00	-2.52302e-23	-6.07499e-18	-6.47472e-19	
310	3.032800e+00	2.552552e-23	6.286137e-18	7.061123e-19	
311	3.042800e+00	-2.58787e-23	-6.41977e-18	-2.65228e-19	
312	3.052800e+00	2.630938e-23	6.569575e-18	3.992585e-19	
313	3.062800e+00	-2.64367e-23	-6.12599e-18	-7.90998e-19	
314	3.072800e+00	2.632165e-23	5.428940e-18	4.888417e-19	
315	3.082800e+00	-2.64481e-23	-5.20177e-18	-1.93506e-19	
316	3.092800e+00	2.653314e-23	5.068407e-18	3.241292e-19	
317	3.102800e+00	-2.64331e-23	-4.83160e-18	-4.07136e-19	
318	3.112800e+00	2.654723e-23	4.795552e-18	4.508719e-19	
319	3.122800e+00	-2.66839e-23	-4.63155e-18	-4.02203e-19	
320	3.132800e+00	2.659468e-23	4.317517e-18	5.532437e-20	
321	3.142800e+00	-2.65324e-23	-4.28384e-18	3.954011e-20	
322	3.152800e+00	2.639991e-23	4.442099e-18	1.842891e-19	
323	3.162800e+00	-2.61233e-23	-4.37310e-18	-5.84028e-19	
324	3.172800e+00	2.579729e-23	4.162917e-18	9.489243e-19	
325	3.182800e+00	-2.53375e-23	-3.99634e-18	-1.15966e-18	
326	3.192800e+00	2.500722e-23	3.616430e-18	1.149380e-18	
327	3.202800e+00	-2.48815e-23	-3.72748e-18	-1.09146e-18	
328	3.212800e+00	2.476412e-23	3.917498e-18	1.284732e-18	
329	3.222800e+00	-2.48837e-23	-3.39595e-18	-1.44711e-18	
330	3.232800e+00	2.498682e-23	2.947054e-18	1.319871e-18	
331	3.242800e+00	-2.50380e-23	-3.23972e-18	-1.04414e-18	
332	3.252800e+00	2.490589e-23	3.462758e-18	8.883027e-19	
333	3.262800e+00	-2.46485e-23	-3.13755e-18	-8.29157e-19	
334	3.272800e+00	2.464997e-23	2.816760e-18	9.234902e-19	
335	3.282800e+00	-2.47060e-23	-2.90285e-18	-1.00760e-18	
336	3.292800e+00	2.488963e-23	3.061500e-18	9.465679e-19	
337	3.302800e+00	-2.49231e-23	-2.58456e-18	-7.88378e-19	
338	3.312800e+00	2.479633e-23	2.316647e-18	5.482831e-19	
339	3.322800e+00	-2.47226e-23	-2.35199e-18	-7.08796e-19	
340	3.332800e+00	2.473969e-23	2.252632e-18	7.373688e-19	
341	3.342800e+00	-2.46387e-23	-1.67378e-18	-4.78745e-19	
342	3.352800e+00	2.435462e-23	1.214613e-18	3.707551e-19	
343	3.362800e+00	-2.42909e-23	-1.28251e-18	-3.71025e-19	
344	3.372800e+00	2.424880e-23	1.527654e-18	7.965087e-19	

Index   time            va1#branch      vb1#branch      vb2#branch      
--------------------------------------------------------------------------------
345	3.382800e+00	-2.43513e-23	-1.71939e-18	-9.23507e-19	
346	3.392800e+00	2.427728e-23	1.664417e-18	6.911694e-19	
347	3.402800e+00	-2.41922e-23	-1.54560e-18	-7.20853e-19	
348	3.412800e+00	2.437214e-23	1.482886e-18	1.143277e-18	
349	3.422800e+00	-2.42981e-23	-1.45069e-18	-1.43683e-18	
350	3.432800e+00	2.417731e-23	1.664088e-18	1.237569e-18	
351	3.442800e+00	-2.41421e-23	-2.09407e-18	-1.02151e-18	
352	3.452800e+00	2.424688e-23	2.030910e-18	9.998999e-19	
353	3.462800e+00	-2.45901e-23	-2.12705e-18	-9.88713e-19	
354	3.472800e+00	2.492190e-23	2.458332e-18	1.143137e-18	
355	3.482800e+00	-2.49357e-23	-2.55842e-18	-1.57124e-18	
356	3.492800e+00	2.479543e-23	3.075568e-18	1.617077e-18	
357	3.502800e+00	-2.45501e-23	-3.37964e-18	-1.31700e-18	
358	3.512800e+00	2.443333e-23	3.492544e-18	1.079794e-18	
359	3.522800e+00	-2.46308e-23	-3.89132e-18	-1.21681e-18	
360	3.532800e+00	2.470813e-23	3.782664e-18	1.195536e-18	
361	3.542800e+00	-2.46601e-23	-3.36161e-18	-1.09048e-18	
362	3.552800e+00	2.482097e-23	3.025085e-18	1.362012e-18	
363	3.562800e+00	-2.50228e-23	-3.11932e-18	-1.64217e-18	
364	3.572800e+00	2.497294e-23	3.186705e-18	1.671925e-18	
365	3.582800e+00	-2.49002e-23	-2.81604e-18	-1.17805e-18	
366	3.592800e+00	2.499455e-23	2.001070e-18	9.345690e-19	
367	3.602800e+00	-2.50771e-23	-1.40011e-18	-1.22374e-18	
368	3.612800e+00	2.512389e-23	1.378472e-18	1.279840e-18	
369	3.622800e+00	-2.50788e-23	-1.11293e-18	-1.13873e-18	
370	3.632800e+00	2.480068e-23	3.305264e-19	1.139916e-18	
371	3.642800e+00	-2.44193e-23	5.346622e-19	-8.95252e-19	
372	3.652800e+00	2.418988e-23	-4.93672e-19	7.734110e-19	
373	3.662800e+00	-2.40783e-23	-3.66762e-20	-8.76172e-19	
374	3.672800e+00	2.414293e-23	9.168473e-20	9.781545e-19	
375	3.682800e+00	-2.41764e-23	2.337251e-19	-1.11858e-18	
376	3.692800e+00	2.393068e-23	-7.21784e-19	1.052468e-18	
377	3.702800e+00	-2.36618e-23	9.330394e-19	-7.61301e-19	
378	3.712800e+00	2.349296e-23	-5.35052e-19	5.651120e-19	
379	3.722800e+00	-2.35254e-23	1.053569e-19	-6.63964e-19	
380	3.732800e+00	2.355334e-23	-3.27497e-19	6.470491e-19	
381	3.742800e+00	-2.34651e-23	4.965242e-19	-4.90468e-19	
382	3.752800e+00	2.336704e-23	-4.31793e-19	4.416715e-19	
383	3.762800e+00	-2.31919e-23	8.475314e-19	-2.17562e-19	
384	3.772800e+00	2.287384e-23	-1.79182e-18	-3.24170e-19	
385	3.782800e+00	-2.28296e-23	2.199893e-18	7.728465e-19	
386	3.792800e+00	2.283774e-23	-2.09852e-18	-1.02440e-18	
387	3.802800e+00	-2.25590e-23	2.737758e-18	9.787560e-19	
388	3.812800e+00	2.245676e-23	-2.94994e-18	-8.90765e-19	
389	3.822800e+00	-2.24020e-23	2.888794e-18	1.134352e-18	
390	3.832800e+00	2.225224e-23	-3.13455e-18	-1.51295e-18	
391	3.842800e+00	-2.22073e-23	2.935364e-18	1.585335e-18	
392	3.852800e+00	2.232656e-23	-2.62547e-18	-1.15920e-18	
393	3.862800e+00	-2.24133e-23	2.375638e-18	1.250960e-18	
394	3.872800e+00	2.222089e-23	-2.23831e-18	-1.94585e-18	
395	3.882800e+00	-2.18243e-23	2.531588e-18	2.191651e-18	
396	3.892800e+00	2.168729e-23	-2.83739e-18	-2.03671e-18	
397	3.902800e+00	-2.17005e-23	2.557952e-18	1.980758e-18	
398	3.912800e+00	2.173061e-23	-2.41719e-18	-1.97472e-18	
399	3.922800e+00	-2.18619e-23	2.727394e-18	2.108406e-18	
400	3.932800e+00	2.179927e-23	-3.04722e-18	-2.31666e-18	
401	3.942800e+00	-2.17089e-23	2.990059e-18	2.309970e-18	
402	3.952800e+00	2.188353e-23	-2.75657e-18	-2.25754e-18	

Index   time            va1#branch      vb1#branch      vb2#branch      
--------------------------------------------------------------------------------
403	3.962800e+00	-2.21371e-23	2.431046e-18	2.395568e-18	
404	3.972800e+00	2.215470e-23	-2.23458e-18	-2.64281e-18	
405	3.982800e+00	-2.20045e-23	2.351745e-18	2.801616e-18	
406	3.992800e+00	2.191594e-23	-2.06379e-18	-2.90905e-18	
407	4.002800e+00	-2.19398e-23	1.484242e-18	2.915201e-18	
408	4.012800e+00	2.196921e-23	-1.22977e-18	-2.72551e-18	
409	4.022800e+00	-2.19898e-23	1.139505e-18	2.303708e-18	
410	4.032800e+00	2.202994e-23	-1.20082e-18	-2.17093e-18	
411	4.042800e+00	-2.20054e-23	1.490373e-18	2.495871e-18	
412	4.052800e+00	2.187444e-23	-1.74270e-18	-2.61813e-18	
413	4.062800e+00	-2.18820e-23	1.681233e-18	2.799216e-18	
414	4.072800e+00	2.185172e-23	-1.51776e-18	-3.40355e-18	
415	4.082800e+00	-2.17542e-23	1.759523e-18	4.020564e-18	
416	4.092800e+00	2.168295e-23	-1.85847e-18	-4.24490e-18	
417	4.102800e+00	-2.16984e-23	1.894838e-18	4.107845e-18	
418	4.112800e+00	2.178119e-23	-1.90715e-18	-4.09452e-18	
419	4.122800e+00	-2.18025e-23	1.927033e-18	4.151970e-18	
420	4.132800e+00	2.191559e-23	-1.81676e-18	-3.95733e-18	
421	4.142800e+00	-2.19239e-23	1.525713e-18	3.386850e-18	
422	4.152800e+00	2.194816e-23	-1.50908e-18	-2.62840e-18	
423	4.162800e+00	-2.19409e-23	2.009004e-18	2.294899e-18	
424	4.172800e+00	2.188868e-23	-2.57819e-18	-2.11444e-18	
425	4.182800e+00	-2.19077e-23	2.228802e-18	1.750957e-18	
426	4.192800e+00	2.172510e-23	-2.12192e-18	-1.73249e-18	
427	4.202800e+00	-2.16591e-23	2.443676e-18	2.132613e-18	
428	4.212800e+00	2.174878e-23	-2.47722e-18	-2.42074e-18	
429	4.222800e+00	-2.17167e-23	2.836502e-18	2.568391e-18	
430	4.232800e+00	2.173273e-23	-3.32274e-18	-2.78410e-18	
431	4.242800e+00	-2.18034e-23	3.131969e-18	2.885271e-18	
432	4.252800e+00	2.193988e-23	-2.96267e-18	-2.84814e-18	
433	4.262800e+00	-2.19483e-23	3.402274e-18	2.731659e-18	
434	4.272800e+00	2.181573e-23	-3.86898e-18	-2.67854e-18	
435	4.282800e+00	-2.18076e-23	3.605732e-18	2.935478e-18	
436	4.292800e+00	2.187975e-23	-3.14652e-18	-3.34537e-18	
437	4.302800e+00	-2.18302e-23	3.156281e-18	3.294523e-18	
438	4.312800e+00	2.163614e-23	-2.70708e-18	-3.23805e-18	
439	4.322800e+00	-2.16561e-23	2.293784e-18	3.694380e-18	
440	4.332800e+00	2.194472e-23	-2.46988e-18	-3.79670e-18	
441	4.342800e+00	-2.19561e-23	2.668658e-18	3.777424e-18	
442	4.352800e+00	2.164180e-23	-2.59827e-18	-4.04833e-18	
443	4.362800e+00	-2.16064e-23	2.305349e-18	3.942732e-18	
444	4.372800e+00	2.187909e-23	-1.91372e-18	-3.80977e-18	
445	4.382800e+00	-2.20094e-23	1.621119e-18	4.101747e-18	
446	4.392800e+00	2.171410e-23	-1.64332e-18	-4.34356e-18	
447	4.402800e+00	-2.12834e-23	1.954068e-18	4.306646e-18	
448	4.412800e+00	2.117712e-23	-2.45266e-18	-4.11563e-18	
449	4.422800e+00	-2.13590e-23	2.480331e-18	3.820654e-18	
450	4.432800e+00	2.140436e-23	-2.15254e-18	-3.81181e-18	
451	4.442800e+00	-2.13502e-23	2.052204e-18	3.973752e-18	
452	4.452800e+00	2.132413e-23	-1.51442e-18	-3.96357e-18	
453	4.462800e+00	-2.13449e-23	9.195458e-19	4.040700e-18	
454	4.472800e+00	2.123856e-23	-1.21216e-18	-4.24626e-18	
455	4.482800e+00	-2.13123e-23	1.141772e-18	4.400854e-18	
456	4.492800e+00	2.158606e-23	-9.95160e-19	-4.51854e-18	
457	4.502800e+00	-2.15458e-23	1.836303e-18	4.626348e-18	
458	4.512800e+00	2.155001e-23	-1.81114e-18	-4.87699e-18	
459	4.522800e+00	-2.16716e-23	1.101183e-18	5.012941e-18	
460	4.532800e+00	2.172652e-23	-9.24610e-19	-4.79157e-18	

Index   time            va1#branch      vb1#branch      vb2#branch      
--------------------------------------------------------------------------------
461	4.542800e+00	-2.15761e-23	1.064412e-18	4.471848e-18	
462	4.552800e+00	2.148186e-23	-1.33637e-18	-4.53764e-18	
463	4.562800e+00	-2.15560e-23	1.520221e-18	4.748284e-18	
464	4.572800e+00	2.130510e-23	-1.94755e-18	-4.75529e-18	
465	4.582800e+00	-2.11222e-23	2.152302e-18	5.005123e-18	
466	4.592800e+00	2.125673e-23	-1.95110e-18	-5.46636e-18	
467	4.602800e+00	-2.13648e-23	1.823878e-18	5.712181e-18	
468	4.612800e+00	2.143263e-23	-1.75051e-18	-5.72926e-18	
469	4.622800e+00	-2.13962e-23	1.746104e-18	5.981934e-18	
470	4.632800e+00	2.120266e-23	-1.23078e-18	-6.40539e-18	
471	4.642800e+00	-2.09654e-23	5.355725e-19	6.587521e-18	
472	4.652800e+00	2.083390e-23	-2.63869e-19	-6.57871e-18	
473	4.662800e+00	-2.07783e-23	2.313048e-19	6.570029e-18	
474	4.672800e+00	2.087374e-23	-1.59853e-20	-6.26049e-18	
475	4.682800e+00	-2.10391e-23	-5.41990e-19	5.971555e-18	
476	4.692800e+00	2.100046e-23	4.964249e-19	-5.96659e-18	
477	4.702800e+00	-2.11023e-23	-2.69005e-19	6.274965e-18	
478	4.712800e+00	2.129142e-23	7.363243e-19	-6.65686e-18	
479	4.722800e+00	-2.11844e-23	-1.12541e-18	6.431070e-18	
480	4.732800e+00	2.120988e-23	1.160631e-18	-6.24878e-18	
481	4.742800e+00	-2.11858e-23	-9.45212e-19	6.475038e-18	
482	4.752800e+00	2.090161e-23	6.955684e-19	-6.74335e-18	
483	4.762800e+00	-2.06616e-23	-7.32517e-19	6.723402e-18	
484	4.772800e+00	2.066265e-23	1.039414e-18	-6.57715e-18	
485	4.782800e+00	-2.08660e-23	-1.34027e-18	6.540489e-18	
486	4.792800e+00	2.091953e-23	1.370960e-18	-6.23140e-18	
487	4.802800e+00	-2.09088e-23	-1.04536e-18	5.839299e-18	
488	4.812800e+00	2.095124e-23	5.014947e-19	-5.67243e-18	
489	4.822800e+00	-2.08927e-23	-2.20846e-19	5.424379e-18	
490	4.832800e+00	2.082356e-23	1.123985e-19	-5.37016e-18	
491	4.842800e+00	-2.08361e-23	-4.74634e-20	5.682469e-18	
492	4.852800e+00	2.096179e-23	6.357664e-19	-5.98611e-18	
493	4.862800e+00	-2.10524e-23	-9.55022e-19	5.976086e-18	
494	4.872800e+00	2.095987e-23	8.077436e-19	-5.82852e-18	
495	4.882800e+00	-2.08373e-23	-7.60453e-19	5.706101e-18	
496	4.892800e+00	2.078771e-23	4.400214e-19	-5.74182e-18	
497	4.902800e+00	-2.08332e-23	-4.71786e-19	5.896413e-18	
498	4.912800e+00	2.088141e-23	6.288692e-19	-5.93081e-18	
499	4.922800e+00	-2.08665e-23	-3.94322e-19	6.012756e-18	
500	4.932800e+00	2.097562e-23	2.657347e-19	-5.90812e-18	
501	4.942800e+00	-2.11779e-23	-4.21602e-19	5.727366e-18	
502	4.952800e+00	2.133302e-23	4.451409e-19	-5.84228e-18	
503	4.962800e+00	-2.11816e-23	-1.05904e-19	5.802641e-18	
504	4.972800e+00	2.086859e-23	-5.35219e-19	-5.65302e-18	
505	4.982800e+00	-2.09034e-23	8.222170e-19	5.890989e-18	
506	4.992800e+00	2.089575e-23	-7.95901e-19	-6.37749e-18	
507	5.000000e+00	-2.04268e-23	1.206257e-18	6.754842e-18	

              * f:\esim\esimmarathon\binarytogray\binarytogray.cir
              Transient Analysis  Sun Jul  4 00:49:50  2021
--------------------------------------------------------------------------------
Index   time            vb3#branch      vdd1#branch     vdd2#branch     
--------------------------------------------------------------------------------
0	0.000000e+00	0.000000e+00	-1.27542e-10	-1.94758e-10	
1	1.000000e-04	1.812865e-20	-1.27542e-10	-1.94759e-10	
2	2.000000e-04	-9.65090e-20	-1.27541e-10	-1.94759e-10	
3	4.000000e-04	2.069754e-19	-1.27541e-10	-1.94760e-10	
4	8.000000e-04	6.272501e-20	-1.27542e-10	-1.94759e-10	
5	1.600000e-03	-1.57460e-19	-1.27541e-10	-1.94758e-10	
6	3.200000e-03	1.738883e-19	-1.27543e-10	-1.94759e-10	
7	6.400000e-03	-1.80214e-19	-1.27541e-10	-1.94759e-10	
8	1.280000e-02	1.932700e-19	-1.27542e-10	-1.94758e-10	
9	2.280000e-02	-2.04262e-19	-1.27542e-10	-1.94759e-10	
10	3.280000e-02	2.091102e-19	-1.27542e-10	-1.94761e-10	
11	4.280000e-02	-2.12129e-19	-1.27542e-10	-1.94759e-10	
12	5.280000e-02	2.127246e-19	-1.27542e-10	-1.94759e-10	
13	6.280000e-02	-2.14288e-19	-1.27542e-10	-1.94759e-10	
14	7.280000e-02	2.155556e-19	-1.27542e-10	-1.94760e-10	
15	8.280000e-02	-2.15388e-19	-1.27542e-10	-1.94760e-10	
16	9.280000e-02	2.108504e-19	-1.27542e-10	-1.94760e-10	
17	1.028000e-01	-2.05634e-19	-1.27542e-10	-1.94760e-10	
18	1.128000e-01	2.071992e-19	-1.27542e-10	-1.94760e-10	
19	1.228000e-01	-2.08782e-19	-1.27542e-10	-1.94760e-10	
20	1.328000e-01	2.067048e-19	-1.27542e-10	-1.94759e-10	
21	1.428000e-01	-2.08114e-19	-1.27542e-10	-1.94759e-10	
22	1.528000e-01	2.078649e-19	-1.27542e-10	-1.94759e-10	
23	1.628000e-01	-2.04536e-19	-1.27542e-10	-1.94760e-10	
24	1.728000e-01	2.048882e-19	-1.27542e-10	-1.94760e-10	
25	1.828000e-01	-2.08193e-19	-1.27542e-10	-1.94760e-10	
26	1.928000e-01	2.108442e-19	-1.27542e-10	-1.94760e-10	
27	2.028000e-01	-2.13357e-19	-1.27542e-10	-1.94759e-10	
28	2.128000e-01	2.165142e-19	-1.27542e-10	-1.94760e-10	
29	2.228000e-01	-2.18075e-19	-1.27542e-10	-1.94759e-10	
30	2.328000e-01	2.197911e-19	-1.27542e-10	-1.94761e-10	
31	2.428000e-01	-2.18386e-19	-1.27542e-10	-1.94760e-10	
32	2.528000e-01	2.191428e-19	-1.27542e-10	-1.94761e-10	
33	2.628000e-01	-2.20757e-19	-1.27542e-10	-1.94759e-10	
34	2.728000e-01	2.225664e-19	-1.27542e-10	-1.94760e-10	
35	2.828000e-01	-2.22868e-19	-1.27542e-10	-1.94760e-10	
36	2.928000e-01	2.215217e-19	-1.27542e-10	-1.94760e-10	
37	3.028000e-01	-2.21326e-19	-1.27542e-10	-1.94759e-10	
38	3.128000e-01	2.178655e-19	-1.27542e-10	-1.94759e-10	
39	3.228000e-01	-2.16099e-19	-1.27542e-10	-1.94761e-10	
40	3.328000e-01	2.134201e-19	-1.27542e-10	-1.94760e-10	
41	3.428000e-01	-2.10610e-19	-1.27542e-10	-1.94760e-10	
42	3.528000e-01	2.104697e-19	-1.27542e-10	-1.94761e-10	
43	3.628000e-01	-2.07249e-19	-1.27542e-10	-1.94759e-10	
44	3.728000e-01	2.036616e-19	-1.27542e-10	-1.94759e-10	
45	3.828000e-01	-1.99783e-19	-1.27542e-10	-1.94759e-10	
46	3.928000e-01	1.982515e-19	-1.27542e-10	-1.94761e-10	
47	4.028000e-01	-1.98408e-19	-1.27542e-10	-1.94759e-10	
48	4.128000e-01	1.953632e-19	-1.27542e-10	-1.94759e-10	
49	4.228000e-01	-1.92339e-19	-1.27542e-10	-1.94759e-10	
50	4.328000e-01	1.898734e-19	-1.27542e-10	-1.94760e-10	
51	4.428000e-01	-1.88310e-19	-1.27542e-10	-1.94760e-10	
52	4.528000e-01	1.876521e-19	-1.27542e-10	-1.94760e-10	
53	4.628000e-01	-1.87038e-19	-1.27542e-10	-1.94759e-10	
54	4.728000e-01	1.897349e-19	-1.27542e-10	-1.94760e-10	

Index   time            vb3#branch      vdd1#branch     vdd2#branch     
--------------------------------------------------------------------------------
55	4.828000e-01	-1.94079e-19	-1.27542e-10	-1.94760e-10	
56	4.928000e-01	1.965221e-19	-1.27542e-10	-1.94760e-10	
57	5.028000e-01	-1.95828e-19	-1.27542e-10	-1.94761e-10	
58	5.128000e-01	1.942663e-19	-1.27542e-10	-1.94759e-10	
59	5.228000e-01	-1.97491e-19	-1.27542e-10	-1.94759e-10	
60	5.328000e-01	1.990333e-19	-1.27542e-10	-1.94759e-10	
61	5.428000e-01	-1.96461e-19	-1.27542e-10	-1.94759e-10	
62	5.528000e-01	1.980712e-19	-1.27542e-10	-1.94759e-10	
63	5.628000e-01	-1.98269e-19	-1.27542e-10	-1.94760e-10	
64	5.728000e-01	1.945223e-19	-1.27542e-10	-1.94761e-10	
65	5.828000e-01	-1.94621e-19	-1.27542e-10	-1.94759e-10	
66	5.928000e-01	1.949550e-19	-1.27542e-10	-1.94760e-10	
67	6.028000e-01	-1.93945e-19	-1.27542e-10	-1.94759e-10	
68	6.128000e-01	1.932269e-19	-1.27542e-10	-1.94760e-10	
69	6.228000e-01	-1.94411e-19	-1.27542e-10	-1.94759e-10	
70	6.328000e-01	1.948983e-19	-1.27542e-10	-1.94760e-10	
71	6.428000e-01	-1.94064e-19	-1.27542e-10	-1.94760e-10	
72	6.528000e-01	1.955307e-19	-1.27542e-10	-1.94759e-10	
73	6.628000e-01	-1.95522e-19	-1.27542e-10	-1.94758e-10	
74	6.728000e-01	1.950124e-19	-1.27542e-10	-1.94760e-10	
75	6.828000e-01	-1.95863e-19	-1.27542e-10	-1.94761e-10	
76	6.928000e-01	1.955460e-19	-1.27542e-10	-1.94760e-10	
77	7.028000e-01	-1.94279e-19	-1.27542e-10	-1.94758e-10	
78	7.128000e-01	1.931090e-19	-1.27542e-10	-1.94761e-10	
79	7.228000e-01	-1.90119e-19	-1.27542e-10	-1.94759e-10	
80	7.328000e-01	1.883472e-19	-1.27542e-10	-1.94759e-10	
81	7.428000e-01	-1.91327e-19	-1.27542e-10	-1.94761e-10	
82	7.528000e-01	1.941298e-19	-1.27542e-10	-1.94759e-10	
83	7.628000e-01	-1.93523e-19	-1.27542e-10	-1.94760e-10	
84	7.728000e-01	1.902664e-19	-1.27542e-10	-1.94759e-10	
85	7.828000e-01	-1.88035e-19	-1.27542e-10	-1.94759e-10	
86	7.928000e-01	1.878237e-19	-1.27542e-10	-1.94760e-10	
87	8.028000e-01	-1.91260e-19	-1.27542e-10	-1.94760e-10	
88	8.128000e-01	1.925964e-19	-1.27542e-10	-1.94760e-10	
89	8.228000e-01	-1.89367e-19	-1.27542e-10	-1.94759e-10	
90	8.328000e-01	1.867614e-19	-1.27542e-10	-1.94761e-10	
91	8.428000e-01	-1.85175e-19	-1.27542e-10	-1.94760e-10	
92	8.528000e-01	1.853300e-19	-1.27542e-10	-1.94759e-10	
93	8.628000e-01	-1.82968e-19	-1.27542e-10	-1.94759e-10	
94	8.728000e-01	1.809753e-19	-1.27542e-10	-1.94761e-10	
95	8.828000e-01	-1.78593e-19	-1.27542e-10	-1.94759e-10	
96	8.928000e-01	1.731323e-19	-1.27542e-10	-1.94760e-10	
97	9.028000e-01	-1.68970e-19	-1.27542e-10	-1.94761e-10	
98	9.128000e-01	1.694730e-19	-1.27542e-10	-1.94760e-10	
99	9.228000e-01	-1.74794e-19	-1.27542e-10	-1.94760e-10	
100	9.328000e-01	1.754399e-19	-1.27542e-10	-1.94760e-10	
101	9.428000e-01	-1.74692e-19	-1.27542e-10	-1.94760e-10	
102	9.528000e-01	1.732849e-19	-1.27542e-10	-1.94759e-10	
103	9.628000e-01	-1.71812e-19	-1.27542e-10	-1.94759e-10	
104	9.728000e-01	1.724869e-19	-1.27542e-10	-1.94760e-10	
105	9.828000e-01	-1.73424e-19	-1.27542e-10	-1.94759e-10	
106	9.928000e-01	1.733361e-19	-1.27542e-10	-1.94759e-10	
107	1.002800e+00	-1.71573e-19	-1.27542e-10	-1.94760e-10	
108	1.012800e+00	1.718578e-19	-1.27542e-10	-1.94759e-10	
109	1.022800e+00	-1.71961e-19	-1.27542e-10	-1.94759e-10	
110	1.032800e+00	1.729232e-19	-1.27542e-10	-1.94760e-10	
111	1.042800e+00	-1.67858e-19	-1.27542e-10	-1.94759e-10	
112	1.052800e+00	1.639796e-19	-1.27542e-10	-1.94759e-10	

Index   time            vb3#branch      vdd1#branch     vdd2#branch     
--------------------------------------------------------------------------------
113	1.062800e+00	-1.67946e-19	-1.27542e-10	-1.94759e-10	
114	1.072800e+00	1.703044e-19	-1.27542e-10	-1.94759e-10	
115	1.082800e+00	-1.65808e-19	-1.27542e-10	-1.94760e-10	
116	1.092800e+00	1.598295e-19	-1.27542e-10	-1.94760e-10	
117	1.102800e+00	-1.57456e-19	-1.27542e-10	-1.94760e-10	
118	1.112800e+00	1.609287e-19	-1.27542e-10	-1.94760e-10	
119	1.122800e+00	-1.63213e-19	-1.27542e-10	-1.94759e-10	
120	1.132800e+00	1.634018e-19	-1.27542e-10	-1.94760e-10	
121	1.142800e+00	-1.65263e-19	-1.27542e-10	-1.94760e-10	
122	1.152800e+00	1.614277e-19	-1.27542e-10	-1.94759e-10	
123	1.162800e+00	-1.57596e-19	-1.27542e-10	-1.94760e-10	
124	1.172800e+00	1.571354e-19	-1.27542e-10	-1.94759e-10	
125	1.182800e+00	-1.56427e-19	-1.27542e-10	-1.94759e-10	
126	1.192800e+00	1.560631e-19	-1.27542e-10	-1.94760e-10	
127	1.202800e+00	-1.54178e-19	-1.27542e-10	-1.94759e-10	
128	1.212800e+00	1.582688e-19	-1.27542e-10	-1.94759e-10	
129	1.222800e+00	-1.62473e-19	-1.27542e-10	-1.94759e-10	
130	1.232800e+00	1.585842e-19	-1.27542e-10	-1.94760e-10	
131	1.242800e+00	-1.51661e-19	-1.27542e-10	-1.94759e-10	
132	1.252800e+00	1.463466e-19	-1.27542e-10	-1.94760e-10	
133	1.262800e+00	-1.43923e-19	-1.27542e-10	-1.94758e-10	
134	1.272800e+00	1.410295e-19	-1.27542e-10	-1.94761e-10	
135	1.282800e+00	-1.39920e-19	-1.27542e-10	-1.94761e-10	
136	1.292800e+00	1.384775e-19	-1.27542e-10	-1.94758e-10	
137	1.302800e+00	-1.39637e-19	-1.27542e-10	-1.94760e-10	
138	1.312800e+00	1.399812e-19	-1.27542e-10	-1.94759e-10	
139	1.322800e+00	-1.40830e-19	-1.27542e-10	-1.94759e-10	
140	1.332800e+00	1.459479e-19	-1.27542e-10	-1.94760e-10	
141	1.342800e+00	-1.51316e-19	-1.27542e-10	-1.94761e-10	
142	1.352800e+00	1.553268e-19	-1.27542e-10	-1.94759e-10	
143	1.362800e+00	-1.53920e-19	-1.27542e-10	-1.94760e-10	
144	1.372800e+00	1.501133e-19	-1.27542e-10	-1.94759e-10	
145	1.382800e+00	-1.52795e-19	-1.27542e-10	-1.94760e-10	
146	1.392800e+00	1.535627e-19	-1.27542e-10	-1.94760e-10	
147	1.402800e+00	-1.51781e-19	-1.27542e-10	-1.94759e-10	
148	1.412800e+00	1.494001e-19	-1.27542e-10	-1.94760e-10	
149	1.422800e+00	-1.46776e-19	-1.27542e-10	-1.94760e-10	
150	1.432800e+00	1.498901e-19	-1.27542e-10	-1.94760e-10	
151	1.442800e+00	-1.48363e-19	-1.27542e-10	-1.94760e-10	
152	1.452800e+00	1.436226e-19	-1.27542e-10	-1.94759e-10	
153	1.462800e+00	-1.39696e-19	-1.27542e-10	-1.94760e-10	
154	1.472800e+00	1.353242e-19	-1.27542e-10	-1.94760e-10	
155	1.482800e+00	-1.33469e-19	-1.27542e-10	-1.94760e-10	
156	1.492800e+00	1.322285e-19	-1.27542e-10	-1.94760e-10	
157	1.502800e+00	-1.31065e-19	-1.27542e-10	-1.94760e-10	
158	1.512800e+00	1.290366e-19	-1.27542e-10	-1.94760e-10	
159	1.522800e+00	-1.30273e-19	-1.27542e-10	-1.94760e-10	
160	1.532800e+00	1.331798e-19	-1.27542e-10	-1.94759e-10	
161	1.542800e+00	-1.30174e-19	-1.27542e-10	-1.94759e-10	
162	1.552800e+00	1.251436e-19	-1.27542e-10	-1.94759e-10	
163	1.562800e+00	-1.22099e-19	-1.27542e-10	-1.94760e-10	
164	1.572800e+00	1.246481e-19	-1.27542e-10	-1.94760e-10	
165	1.582800e+00	-1.31204e-19	-1.27542e-10	-1.94760e-10	
166	1.592800e+00	1.352974e-19	-1.27542e-10	-1.94759e-10	
167	1.602800e+00	-1.37898e-19	-1.27542e-10	-1.94759e-10	
168	1.612800e+00	1.415613e-19	-1.27542e-10	-1.94760e-10	
169	1.622800e+00	-1.43520e-19	-1.27542e-10	-1.94760e-10	
170	1.632800e+00	1.469302e-19	-1.27542e-10	-1.94760e-10	

Index   time            vb3#branch      vdd1#branch     vdd2#branch     
--------------------------------------------------------------------------------
171	1.642800e+00	-1.50719e-19	-1.27542e-10	-1.94759e-10	
172	1.652800e+00	1.519305e-19	-1.27542e-10	-1.94759e-10	
173	1.662800e+00	-1.53669e-19	-1.27542e-10	-1.94759e-10	
174	1.672800e+00	1.548046e-19	-1.27542e-10	-1.94759e-10	
175	1.682800e+00	-1.55767e-19	-1.27542e-10	-1.94760e-10	
176	1.692800e+00	1.549373e-19	-1.27542e-10	-1.94759e-10	
177	1.702800e+00	-1.52284e-19	-1.27542e-10	-1.94759e-10	
178	1.712800e+00	1.520898e-19	-1.27542e-10	-1.94760e-10	
179	1.722800e+00	-1.51243e-19	-1.27542e-10	-1.94759e-10	
180	1.732800e+00	1.533980e-19	-1.27542e-10	-1.94759e-10	
181	1.742800e+00	-1.54402e-19	-1.27542e-10	-1.94760e-10	
182	1.752800e+00	1.499827e-19	-1.27542e-10	-1.94760e-10	
183	1.762800e+00	-1.47342e-19	-1.27542e-10	-1.94758e-10	
184	1.772800e+00	1.457639e-19	-1.27542e-10	-1.94760e-10	
185	1.782800e+00	-1.43618e-19	-1.27542e-10	-1.94759e-10	
186	1.792800e+00	1.444818e-19	-1.27542e-10	-1.94759e-10	
187	1.802800e+00	-1.44766e-19	-1.27542e-10	-1.94760e-10	
188	1.812800e+00	1.423163e-19	-1.27542e-10	-1.94759e-10	
189	1.822800e+00	-1.42777e-19	-1.27542e-10	-1.94759e-10	
190	1.832800e+00	1.456650e-19	-1.27542e-10	-1.94760e-10	
191	1.842800e+00	-1.46450e-19	-1.27542e-10	-1.94759e-10	
192	1.852800e+00	1.469567e-19	-1.27542e-10	-1.94759e-10	
193	1.862800e+00	-1.45789e-19	-1.27542e-10	-1.94759e-10	
194	1.872800e+00	1.474477e-19	-1.27542e-10	-1.94760e-10	
195	1.882800e+00	-1.54155e-19	-1.27542e-10	-1.94760e-10	
196	1.892800e+00	1.575155e-19	-1.27542e-10	-1.94759e-10	
197	1.902800e+00	-1.61229e-19	-1.27542e-10	-1.94760e-10	
198	1.912800e+00	1.616621e-19	-1.27542e-10	-1.94759e-10	
199	1.922800e+00	-1.60928e-19	-1.27542e-10	-1.94760e-10	
200	1.932800e+00	1.606567e-19	-1.27542e-10	-1.94759e-10	
201	1.942800e+00	-1.58119e-19	-1.27542e-10	-1.94760e-10	
202	1.952800e+00	1.595431e-19	-1.27542e-10	-1.94760e-10	
203	1.962800e+00	-1.62187e-19	-1.27542e-10	-1.94759e-10	
204	1.972800e+00	1.660238e-19	-1.27542e-10	-1.94759e-10	
205	1.982800e+00	-1.68241e-19	-1.27542e-10	-1.94760e-10	
206	1.992800e+00	1.644613e-19	-1.27542e-10	-1.94761e-10	
207	2.002800e+00	-1.62596e-19	-1.27542e-10	-1.94760e-10	
208	2.012800e+00	1.644487e-19	-1.27542e-10	-1.94759e-10	
209	2.022800e+00	-1.64342e-19	-1.27542e-10	-1.94760e-10	
210	2.032800e+00	1.632379e-19	-1.27542e-10	-1.94760e-10	
211	2.042800e+00	-1.64341e-19	-1.27542e-10	-1.94759e-10	
212	2.052800e+00	1.689605e-19	-1.27542e-10	-1.94760e-10	
213	2.062800e+00	-1.74564e-19	-1.27542e-10	-1.94761e-10	
214	2.072800e+00	1.794595e-19	-1.27542e-10	-1.94761e-10	
215	2.082800e+00	-1.82613e-19	-1.27542e-10	-1.94759e-10	
216	2.092800e+00	1.780860e-19	-1.27542e-10	-1.94759e-10	
217	2.102800e+00	-1.74937e-19	-1.27542e-10	-1.94760e-10	
218	2.112800e+00	1.780641e-19	-1.27542e-10	-1.94760e-10	
219	2.122800e+00	-1.82875e-19	-1.27542e-10	-1.94760e-10	
220	2.132800e+00	1.861091e-19	-1.27542e-10	-1.94759e-10	
221	2.142800e+00	-1.87310e-19	-1.27542e-10	-1.94760e-10	
222	2.152800e+00	1.852508e-19	-1.27542e-10	-1.94760e-10	
223	2.162800e+00	-1.83704e-19	-1.27542e-10	-1.94760e-10	
224	2.172800e+00	1.856235e-19	-1.27542e-10	-1.94760e-10	
225	2.182800e+00	-1.85466e-19	-1.27542e-10	-1.94759e-10	
226	2.192800e+00	1.882470e-19	-1.27542e-10	-1.94760e-10	
227	2.202800e+00	-1.89957e-19	-1.27542e-10	-1.94759e-10	
228	2.212800e+00	1.901473e-19	-1.27542e-10	-1.94759e-10	

Index   time            vb3#branch      vdd1#branch     vdd2#branch     
--------------------------------------------------------------------------------
229	2.222800e+00	-1.93288e-19	-1.27542e-10	-1.94759e-10	
230	2.232800e+00	1.949733e-19	-1.27542e-10	-1.94761e-10	
231	2.242800e+00	-1.93379e-19	-1.27542e-10	-1.94759e-10	
232	2.252800e+00	1.910402e-19	-1.27542e-10	-1.94760e-10	
233	2.262800e+00	-1.94302e-19	-1.27542e-10	-1.94759e-10	
234	2.272800e+00	1.967522e-19	-1.27542e-10	-1.94759e-10	
235	2.282800e+00	-1.95742e-19	-1.27542e-10	-1.94760e-10	
236	2.292800e+00	1.970359e-19	-1.27542e-10	-1.94759e-10	
237	2.302800e+00	-1.96303e-19	-1.27542e-10	-1.94760e-10	
238	2.312800e+00	1.949375e-19	-1.27542e-10	-1.94760e-10	
239	2.322800e+00	-1.93646e-19	-1.27542e-10	-1.94759e-10	
240	2.332800e+00	1.880135e-19	-1.27542e-10	-1.94759e-10	
241	2.342800e+00	-1.88494e-19	-1.27542e-10	-1.94760e-10	
242	2.352800e+00	1.939884e-19	-1.27542e-10	-1.94758e-10	
243	2.362800e+00	-1.98809e-19	-1.27542e-10	-1.94760e-10	
244	2.372800e+00	1.974032e-19	-1.27542e-10	-1.94760e-10	
245	2.382800e+00	-1.94001e-19	-1.27542e-10	-1.94760e-10	
246	2.392800e+00	1.927223e-19	-1.27542e-10	-1.94761e-10	
247	2.402800e+00	-1.90373e-19	-1.27542e-10	-1.94759e-10	
248	2.412800e+00	1.901386e-19	-1.27542e-10	-1.94759e-10	
249	2.422800e+00	-1.84869e-19	-1.27542e-10	-1.94759e-10	
250	2.432800e+00	1.820913e-19	-1.27542e-10	-1.94759e-10	
251	2.442800e+00	-1.81100e-19	-1.27542e-10	-1.94759e-10	
252	2.452800e+00	1.793321e-19	-1.27542e-10	-1.94759e-10	
253	2.462800e+00	-1.78579e-19	-1.27542e-10	-1.94760e-10	
254	2.472800e+00	1.813093e-19	-1.27542e-10	-1.94759e-10	
255	2.482800e+00	-1.84639e-19	-1.27542e-10	-1.94759e-10	
256	2.492800e+00	1.839200e-19	-1.27542e-10	-1.94761e-10	
257	2.502800e+00	-1.82245e-19	-1.27542e-10	-1.94760e-10	
258	2.512800e+00	1.780133e-19	-1.27542e-10	-1.94760e-10	
259	2.522800e+00	-1.77968e-19	-1.27542e-10	-1.94760e-10	
260	2.532800e+00	1.783680e-19	-1.27542e-10	-1.94760e-10	
261	2.542800e+00	-1.75635e-19	-1.27542e-10	-1.94759e-10	
262	2.552800e+00	1.761292e-19	-1.27542e-10	-1.94760e-10	
263	2.562800e+00	-1.76069e-19	-1.27542e-10	-1.94759e-10	
264	2.572800e+00	1.742092e-19	-1.27542e-10	-1.94759e-10	
265	2.582800e+00	-1.78028e-19	-1.27542e-10	-1.94759e-10	
266	2.592800e+00	1.818977e-19	-1.27542e-10	-1.94760e-10	
267	2.602800e+00	-1.81619e-19	-1.27542e-10	-1.94760e-10	
268	2.612800e+00	1.798395e-19	-1.27542e-10	-1.94760e-10	
269	2.622800e+00	-1.80581e-19	-1.27542e-10	-1.94760e-10	
270	2.632800e+00	1.842196e-19	-1.27542e-10	-1.94759e-10	
271	2.642800e+00	-1.85716e-19	-1.27542e-10	-1.94760e-10	
272	2.652800e+00	1.872533e-19	-1.27542e-10	-1.94759e-10	
273	2.662800e+00	-1.89582e-19	-1.27542e-10	-1.94759e-10	
274	2.672800e+00	1.929862e-19	-1.27542e-10	-1.94761e-10	
275	2.682800e+00	-1.92886e-19	-1.27542e-10	-1.94760e-10	
276	2.692800e+00	1.897241e-19	-1.27542e-10	-1.94760e-10	
277	2.702800e+00	-1.89987e-19	-1.27542e-10	-1.94759e-10	
278	2.712800e+00	1.913873e-19	-1.27542e-10	-1.94760e-10	
279	2.722800e+00	-1.90826e-19	-1.27542e-10	-1.94759e-10	
280	2.732800e+00	1.892847e-19	-1.27542e-10	-1.94759e-10	
281	2.742800e+00	-1.90001e-19	-1.27542e-10	-1.94760e-10	
282	2.752800e+00	1.925345e-19	-1.27542e-10	-1.94760e-10	
283	2.762800e+00	-1.92971e-19	-1.27542e-10	-1.94760e-10	
284	2.772800e+00	1.907079e-19	-1.27542e-10	-1.94759e-10	
285	2.782800e+00	-1.87737e-19	-1.27542e-10	-1.94760e-10	
286	2.792800e+00	1.870300e-19	-1.27542e-10	-1.94759e-10	

Index   time            vb3#branch      vdd1#branch     vdd2#branch     
--------------------------------------------------------------------------------
287	2.802800e+00	-1.87688e-19	-1.27542e-10	-1.94760e-10	
288	2.812800e+00	1.869748e-19	-1.27542e-10	-1.94761e-10	
289	2.822800e+00	-1.87733e-19	-1.27542e-10	-1.94760e-10	
290	2.832800e+00	1.870866e-19	-1.27542e-10	-1.94759e-10	
291	2.842800e+00	-1.84706e-19	-1.27542e-10	-1.94759e-10	
292	2.852800e+00	1.826332e-19	-1.27542e-10	-1.94761e-10	
293	2.862800e+00	-1.77847e-19	-1.27542e-10	-1.94760e-10	
294	2.872800e+00	1.750609e-19	-1.27542e-10	-1.94759e-10	
295	2.882800e+00	-1.76082e-19	-1.27542e-10	-1.94759e-10	
296	2.892800e+00	1.801546e-19	-1.27542e-10	-1.94759e-10	
297	2.902800e+00	-1.83743e-19	-1.27542e-10	-1.94759e-10	
298	2.912800e+00	1.852633e-19	-1.27542e-10	-1.94759e-10	
299	2.922800e+00	-1.86374e-19	-1.27542e-10	-1.94760e-10	
300	2.932800e+00	1.857705e-19	-1.27542e-10	-1.94760e-10	
301	2.942800e+00	-1.85802e-19	-1.27542e-10	-1.94760e-10	
302	2.952800e+00	1.828019e-19	-1.27542e-10	-1.94759e-10	
303	2.962800e+00	-1.79219e-19	-1.27542e-10	-1.94760e-10	
304	2.972800e+00	1.755417e-19	-1.27542e-10	-1.94760e-10	
305	2.982800e+00	-1.72451e-19	-1.27542e-10	-1.94760e-10	
306	2.992800e+00	1.709652e-19	-1.27542e-10	-1.94760e-10	
307	3.002800e+00	-1.67679e-19	-1.27542e-10	-1.94760e-10	
308	3.012800e+00	1.651380e-19	-1.27542e-10	-1.94759e-10	
309	3.022800e+00	-1.60148e-19	-1.27542e-10	-1.94760e-10	
310	3.032800e+00	1.568327e-19	-1.27542e-10	-1.94760e-10	
311	3.042800e+00	-1.57456e-19	-1.27542e-10	-1.94759e-10	
312	3.052800e+00	1.572536e-19	-1.27542e-10	-1.94758e-10	
313	3.062800e+00	-1.56151e-19	-1.27542e-10	-1.94758e-10	
314	3.072800e+00	1.536071e-19	-1.27542e-10	-1.94761e-10	
315	3.082800e+00	-1.50454e-19	-1.27542e-10	-1.94761e-10	
316	3.092800e+00	1.500746e-19	-1.27542e-10	-1.94759e-10	
317	3.102800e+00	-1.49468e-19	-1.27542e-10	-1.94760e-10	
318	3.112800e+00	1.479745e-19	-1.27542e-10	-1.94759e-10	
319	3.122800e+00	-1.51087e-19	-1.27542e-10	-1.94759e-10	
320	3.132800e+00	1.534445e-19	-1.27542e-10	-1.94760e-10	
321	3.142800e+00	-1.51250e-19	-1.27542e-10	-1.94760e-10	
322	3.152800e+00	1.476330e-19	-1.27542e-10	-1.94760e-10	
323	3.162800e+00	-1.47513e-19	-1.27542e-10	-1.94760e-10	
324	3.172800e+00	1.496729e-19	-1.27542e-10	-1.94760e-10	
325	3.182800e+00	-1.49857e-19	-1.27542e-10	-1.94759e-10	
326	3.192800e+00	1.509753e-19	-1.27542e-10	-1.94760e-10	
327	3.202800e+00	-1.50573e-19	-1.27542e-10	-1.94760e-10	
328	3.212800e+00	1.492364e-19	-1.27542e-10	-1.94759e-10	
329	3.222800e+00	-1.48077e-19	-1.27542e-10	-1.94760e-10	
330	3.232800e+00	1.472512e-19	-1.27542e-10	-1.94760e-10	
331	3.242800e+00	-1.42775e-19	-1.27542e-10	-1.94760e-10	
332	3.252800e+00	1.393117e-19	-1.27542e-10	-1.94761e-10	
333	3.262800e+00	-1.38795e-19	-1.27542e-10	-1.94760e-10	
334	3.272800e+00	1.377688e-19	-1.27542e-10	-1.94759e-10	
335	3.282800e+00	-1.39451e-19	-1.27542e-10	-1.94759e-10	
336	3.292800e+00	1.411316e-19	-1.27542e-10	-1.94760e-10	
337	3.302800e+00	-1.41896e-19	-1.27542e-10	-1.94759e-10	
338	3.312800e+00	1.393383e-19	-1.27542e-10	-1.94759e-10	
339	3.322800e+00	-1.36144e-19	-1.27542e-10	-1.94759e-10	
340	3.332800e+00	1.315339e-19	-1.27542e-10	-1.94760e-10	
341	3.342800e+00	-1.25362e-19	-1.27542e-10	-1.94759e-10	
342	3.352800e+00	1.250681e-19	-1.27542e-10	-1.94759e-10	
343	3.362800e+00	-1.27797e-19	-1.27542e-10	-1.94759e-10	
344	3.372800e+00	1.273088e-19	-1.27542e-10	-1.94759e-10	

Index   time            vb3#branch      vdd1#branch     vdd2#branch     
--------------------------------------------------------------------------------
345	3.382800e+00	-1.24010e-19	-1.27542e-10	-1.94760e-10	
346	3.392800e+00	1.219349e-19	-1.27542e-10	-1.94761e-10	
347	3.402800e+00	-1.18916e-19	-1.27542e-10	-1.94760e-10	
348	3.412800e+00	1.176924e-19	-1.27542e-10	-1.94759e-10	
349	3.422800e+00	-1.20649e-19	-1.27542e-10	-1.94758e-10	
350	3.432800e+00	1.174984e-19	-1.27542e-10	-1.94759e-10	
351	3.442800e+00	-1.15116e-19	-1.27542e-10	-1.94760e-10	
352	3.452800e+00	1.188051e-19	-1.27542e-10	-1.94760e-10	
353	3.462800e+00	-1.21679e-19	-1.27542e-10	-1.94759e-10	
354	3.472800e+00	1.227289e-19	-1.27542e-10	-1.94757e-10	
355	3.482800e+00	-1.27071e-19	-1.27542e-10	-1.94760e-10	
356	3.492800e+00	1.287716e-19	-1.27542e-10	-1.94760e-10	
357	3.502800e+00	-1.27822e-19	-1.27542e-10	-1.94759e-10	
358	3.512800e+00	1.315572e-19	-1.27542e-10	-1.94759e-10	
359	3.522800e+00	-1.35553e-19	-1.27542e-10	-1.94761e-10	
360	3.532800e+00	1.361816e-19	-1.27542e-10	-1.94760e-10	
361	3.542800e+00	-1.34944e-19	-1.27542e-10	-1.94760e-10	
362	3.552800e+00	1.300166e-19	-1.27542e-10	-1.94760e-10	
363	3.562800e+00	-1.27750e-19	-1.27542e-10	-1.94760e-10	
364	3.572800e+00	1.276005e-19	-1.27542e-10	-1.94760e-10	
365	3.582800e+00	-1.25677e-19	-1.27542e-10	-1.94759e-10	
366	3.592800e+00	1.267492e-19	-1.27542e-10	-1.94759e-10	
367	3.602800e+00	-1.30540e-19	-1.27542e-10	-1.94760e-10	
368	3.612800e+00	1.347552e-19	-1.27542e-10	-1.94760e-10	
369	3.622800e+00	-1.36616e-19	-1.27542e-10	-1.94760e-10	
370	3.632800e+00	1.397321e-19	-1.27542e-10	-1.94760e-10	
371	3.642800e+00	-1.42330e-19	-1.27542e-10	-1.94759e-10	
372	3.652800e+00	1.443407e-19	-1.27542e-10	-1.94759e-10	
373	3.662800e+00	-1.44440e-19	-1.27542e-10	-1.94760e-10	
374	3.672800e+00	1.420677e-19	-1.27542e-10	-1.94759e-10	
375	3.682800e+00	-1.38274e-19	-1.27542e-10	-1.94760e-10	
376	3.692800e+00	1.360785e-19	-1.27542e-10	-1.94760e-10	
377	3.702800e+00	-1.33978e-19	-1.27542e-10	-1.94759e-10	
378	3.712800e+00	1.295347e-19	-1.27542e-10	-1.94759e-10	
379	3.722800e+00	-1.28436e-19	-1.27542e-10	-1.94761e-10	
380	3.732800e+00	1.254038e-19	-1.27542e-10	-1.94760e-10	
381	3.742800e+00	-1.21761e-19	-1.27542e-10	-1.94759e-10	
382	3.752800e+00	1.236705e-19	-1.27542e-10	-1.94759e-10	
383	3.762800e+00	-1.25549e-19	-1.27542e-10	-1.94759e-10	
384	3.772800e+00	1.273702e-19	-1.27542e-10	-1.94760e-10	
385	3.782800e+00	-1.27310e-19	-1.27542e-10	-1.94759e-10	
386	3.792800e+00	1.261437e-19	-1.27542e-10	-1.94760e-10	
387	3.802800e+00	-1.29875e-19	-1.27542e-10	-1.94760e-10	
388	3.812800e+00	1.338605e-19	-1.27542e-10	-1.94759e-10	
389	3.822800e+00	-1.35605e-19	-1.27542e-10	-1.94759e-10	
390	3.832800e+00	1.376594e-19	-1.27542e-10	-1.94760e-10	
391	3.842800e+00	-1.43008e-19	-1.27542e-10	-1.94760e-10	
392	3.852800e+00	1.467926e-19	-1.27542e-10	-1.94759e-10	
393	3.862800e+00	-1.42839e-19	-1.27542e-10	-1.94759e-10	
394	3.872800e+00	1.399759e-19	-1.27542e-10	-1.94761e-10	
395	3.882800e+00	-1.41197e-19	-1.27542e-10	-1.94759e-10	
396	3.892800e+00	1.411090e-19	-1.27542e-10	-1.94759e-10	
397	3.902800e+00	-1.38375e-19	-1.27542e-10	-1.94759e-10	
398	3.912800e+00	1.381326e-19	-1.27542e-10	-1.94760e-10	
399	3.922800e+00	-1.35360e-19	-1.27542e-10	-1.94759e-10	
400	3.932800e+00	1.344747e-19	-1.27542e-10	-1.94760e-10	
401	3.942800e+00	-1.40031e-19	-1.27542e-10	-1.94760e-10	
402	3.952800e+00	1.473143e-19	-1.27542e-10	-1.94759e-10	

Index   time            vb3#branch      vdd1#branch     vdd2#branch     
--------------------------------------------------------------------------------
403	3.962800e+00	-1.52300e-19	-1.27542e-10	-1.94760e-10	
404	3.972800e+00	1.537149e-19	-1.27542e-10	-1.94761e-10	
405	3.982800e+00	-1.54035e-19	-1.27542e-10	-1.94760e-10	
406	3.992800e+00	1.526271e-19	-1.27542e-10	-1.94758e-10	
407	4.002800e+00	-1.55553e-19	-1.27542e-10	-1.94760e-10	
408	4.012800e+00	1.537422e-19	-1.27542e-10	-1.94759e-10	
409	4.022800e+00	-1.47083e-19	-1.27542e-10	-1.94760e-10	
410	4.032800e+00	1.445133e-19	-1.27542e-10	-1.94760e-10	
411	4.042800e+00	-1.42767e-19	-1.27542e-10	-1.94759e-10	
412	4.052800e+00	1.398125e-19	-1.27542e-10	-1.94760e-10	
413	4.062800e+00	-1.35407e-19	-1.27542e-10	-1.94759e-10	
414	4.072800e+00	1.339338e-19	-1.27542e-10	-1.94760e-10	
415	4.082800e+00	-1.35172e-19	-1.27542e-10	-1.94759e-10	
416	4.092800e+00	1.310500e-19	-1.27542e-10	-1.94760e-10	
417	4.102800e+00	-1.26910e-19	-1.27542e-10	-1.94761e-10	
418	4.112800e+00	1.265277e-19	-1.27542e-10	-1.94760e-10	
419	4.122800e+00	-1.26823e-19	-1.27542e-10	-1.94759e-10	
420	4.132800e+00	1.287900e-19	-1.27542e-10	-1.94760e-10	
421	4.142800e+00	-1.28724e-19	-1.27542e-10	-1.94760e-10	
422	4.152800e+00	1.237243e-19	-1.27542e-10	-1.94760e-10	
423	4.162800e+00	-1.20567e-19	-1.27542e-10	-1.94759e-10	
424	4.172800e+00	1.230663e-19	-1.27542e-10	-1.94760e-10	
425	4.182800e+00	-1.27204e-19	-1.27542e-10	-1.94761e-10	
426	4.192800e+00	1.298328e-19	-1.27542e-10	-1.94761e-10	
427	4.202800e+00	-1.29702e-19	-1.27542e-10	-1.94760e-10	
428	4.212800e+00	1.311381e-19	-1.27542e-10	-1.94760e-10	
429	4.222800e+00	-1.34900e-19	-1.27542e-10	-1.94759e-10	
430	4.232800e+00	1.368963e-19	-1.27542e-10	-1.94760e-10	
431	4.242800e+00	-1.37714e-19	-1.27542e-10	-1.94761e-10	
432	4.252800e+00	1.356259e-19	-1.27542e-10	-1.94759e-10	
433	4.262800e+00	-1.31224e-19	-1.27542e-10	-1.94760e-10	
434	4.272800e+00	1.297359e-19	-1.27542e-10	-1.94760e-10	
435	4.282800e+00	-1.27490e-19	-1.27542e-10	-1.94759e-10	
436	4.292800e+00	1.267286e-19	-1.27542e-10	-1.94760e-10	
437	4.302800e+00	-1.28232e-19	-1.27542e-10	-1.94760e-10	
438	4.312800e+00	1.263901e-19	-1.27542e-10	-1.94759e-10	
439	4.322800e+00	-1.28399e-19	-1.27542e-10	-1.94759e-10	
440	4.332800e+00	1.341795e-19	-1.27542e-10	-1.94758e-10	
441	4.342800e+00	-1.35301e-19	-1.27542e-10	-1.94758e-10	
442	4.352800e+00	1.332173e-19	-1.27542e-10	-1.94761e-10	
443	4.362800e+00	-1.36273e-19	-1.27542e-10	-1.94760e-10	
444	4.372800e+00	1.394886e-19	-1.27542e-10	-1.94760e-10	
445	4.382800e+00	-1.38748e-19	-1.27542e-10	-1.94759e-10	
446	4.392800e+00	1.418702e-19	-1.27542e-10	-1.94760e-10	
447	4.402800e+00	-1.43801e-19	-1.27542e-10	-1.94759e-10	
448	4.412800e+00	1.406213e-19	-1.27542e-10	-1.94760e-10	
449	4.422800e+00	-1.39979e-19	-1.27542e-10	-1.94761e-10	
450	4.432800e+00	1.432348e-19	-1.27542e-10	-1.94760e-10	
451	4.442800e+00	-1.42160e-19	-1.27542e-10	-1.94760e-10	
452	4.452800e+00	1.390191e-19	-1.27542e-10	-1.94760e-10	
453	4.462800e+00	-1.39818e-19	-1.27542e-10	-1.94760e-10	
454	4.472800e+00	1.408135e-19	-1.27542e-10	-1.94760e-10	
455	4.482800e+00	-1.42484e-19	-1.27542e-10	-1.94760e-10	
456	4.492800e+00	1.437293e-19	-1.27542e-10	-1.94759e-10	
457	4.502800e+00	-1.43164e-19	-1.27542e-10	-1.94759e-10	
458	4.512800e+00	1.456196e-19	-1.27542e-10	-1.94758e-10	
459	4.522800e+00	-1.48098e-19	-1.27542e-10	-1.94761e-10	
460	4.532800e+00	1.502685e-19	-1.27542e-10	-1.94759e-10	

Index   time            vb3#branch      vdd1#branch     vdd2#branch     
--------------------------------------------------------------------------------
461	4.542800e+00	-1.50994e-19	-1.27542e-10	-1.94759e-10	
462	4.552800e+00	1.516726e-19	-1.27542e-10	-1.94760e-10	
463	4.562800e+00	-1.53542e-19	-1.27542e-10	-1.94760e-10	
464	4.572800e+00	1.523651e-19	-1.27542e-10	-1.94760e-10	
465	4.582800e+00	-1.52155e-19	-1.27542e-10	-1.94760e-10	
466	4.592800e+00	1.502882e-19	-1.27542e-10	-1.94760e-10	
467	4.602800e+00	-1.49876e-19	-1.27542e-10	-1.94761e-10	
468	4.612800e+00	1.526969e-19	-1.27542e-10	-1.94760e-10	
469	4.622800e+00	-1.52470e-19	-1.27542e-10	-1.94758e-10	
470	4.632800e+00	1.495093e-19	-1.27542e-10	-1.94759e-10	
471	4.642800e+00	-1.47892e-19	-1.27542e-10	-1.94760e-10	
472	4.652800e+00	1.485892e-19	-1.27542e-10	-1.94759e-10	
473	4.662800e+00	-1.48883e-19	-1.27542e-10	-1.94759e-10	
474	4.672800e+00	1.479728e-19	-1.27542e-10	-1.94759e-10	
475	4.682800e+00	-1.46895e-19	-1.27542e-10	-1.94760e-10	
476	4.692800e+00	1.473239e-19	-1.27542e-10	-1.94760e-10	
477	4.702800e+00	-1.43983e-19	-1.27542e-10	-1.94759e-10	
478	4.712800e+00	1.372893e-19	-1.27542e-10	-1.94760e-10	
479	4.722800e+00	-1.37254e-19	-1.27542e-10	-1.94760e-10	
480	4.732800e+00	1.396009e-19	-1.27542e-10	-1.94760e-10	
481	4.742800e+00	-1.40689e-19	-1.27542e-10	-1.94759e-10	
482	4.752800e+00	1.411292e-19	-1.27542e-10	-1.94760e-10	
483	4.762800e+00	-1.41085e-19	-1.27542e-10	-1.94759e-10	
484	4.772800e+00	1.408426e-19	-1.27542e-10	-1.94760e-10	
485	4.782800e+00	-1.39308e-19	-1.27542e-10	-1.94760e-10	
486	4.792800e+00	1.368795e-19	-1.27542e-10	-1.94760e-10	
487	4.802800e+00	-1.32784e-19	-1.27542e-10	-1.94760e-10	
488	4.812800e+00	1.330763e-19	-1.27542e-10	-1.94760e-10	
489	4.822800e+00	-1.34093e-19	-1.27542e-10	-1.94760e-10	
490	4.832800e+00	1.340282e-19	-1.27542e-10	-1.94760e-10	
491	4.842800e+00	-1.35916e-19	-1.27542e-10	-1.94760e-10	
492	4.852800e+00	1.355321e-19	-1.27542e-10	-1.94759e-10	
493	4.862800e+00	-1.33979e-19	-1.27542e-10	-1.94759e-10	
494	4.872800e+00	1.334822e-19	-1.27542e-10	-1.94760e-10	
495	4.882800e+00	-1.38143e-19	-1.27542e-10	-1.94759e-10	
496	4.892800e+00	1.393935e-19	-1.27542e-10	-1.94760e-10	
497	4.902800e+00	-1.38411e-19	-1.27542e-10	-1.94760e-10	
498	4.912800e+00	1.377758e-19	-1.27542e-10	-1.94759e-10	
499	4.922800e+00	-1.34615e-19	-1.27542e-10	-1.94760e-10	
500	4.932800e+00	1.327772e-19	-1.27542e-10	-1.94759e-10	
501	4.942800e+00	-1.29748e-19	-1.27542e-10	-1.94759e-10	
502	4.952800e+00	1.276235e-19	-1.27542e-10	-1.94760e-10	
503	4.962800e+00	-1.21737e-19	-1.27542e-10	-1.94759e-10	
504	4.972800e+00	1.202217e-19	-1.27542e-10	-1.94760e-10	
505	4.982800e+00	-1.23813e-19	-1.27542e-10	-1.94759e-10	
506	4.992800e+00	1.259081e-19	-1.27542e-10	-1.94760e-10	
507	5.000000e+00	-1.17774e-19	-1.27541e-10	-1.94757e-10	
